2026-05-29|0|184|168|139|0|0.1.2
2026-05-29|1|188|177|147|0|0.1.2
2026-05-29T20:22Z|1|196|177|147|0|0.1.2
2026-05-30T02:50Z|1|196|177|147|0|0.1.2
2026-05-30T08:25Z|1|196|176|151|0|0.1.2
2026-05-30T13:24Z|1|196|176|151|0|0.1.2
2026-05-30T19:10Z|1|196|176|151|0|0.1.2
2026-05-31T03:35Z|1|196|176|151|0|0.1.2
2026-05-31T08:42Z|1|196|176|151|0|0.1.2
2026-05-31T13:40Z|2|196|176|151|0|0.1.2
2026-05-31T19:13Z|2|196|176|151|0|0.1.2
2026-06-01T03:48Z|2|196|176|151|0|0.1.2
2026-06-01T11:28Z|2|196|178|153|0|0.1.2
2026-06-01T17:34Z|2|216|178|153|0|0.1.2
